return{
97123240,
3718161806,
3133243078,
2846299656,
170526279,
202106293,
3935753547,
244844600,
30586516,
3018319587,
89473551,
352087139,
29242182,
2598041621,
8195210,
3944434729,
2395613299,
2212830051,
1085505689,
1830168970,
213277245,
439942262,
67819707,
4545223,
155627580,
808962546,
201454243,
28357488,
822999,
29407034,
2259174309,
3520967,
93101606,
163721789,
149290866,
773554987,
542488819,
99356639,
135885527,
2269987434,
4969374172,
4653413083,
84570351,
154370645,
1010851411,
53715402,
6074834798
}
